function dyn = DynamisierungsfaktorenDaten
dyn = [1 1.24203011960800;2 1.24392175372800;3 1.24567680824800;4 1.24729717964800;5 1.24878475500000;6 1.25014141196800;7 1.25136901880800;8 1.25246943436800;9 1.25344450808800;10 1.25429608000000;11 1.25502598072800;12 1.25563603148800;13 1.25612804408800;14 1.25650382092800;15 1.25676515500000;16 1.25691382988800;17 1.25695161976800;18 1.25688028940800;19 1.25670159416800;20 1.25641728000000;21 1.25602908344800;22 1.25553873164800;23 1.25494794232800;24 1.25425842380800;25 1.25347187500000;26 1.25258998540800;27 1.25161443512800;28 1.25054689484800;29 1.24938902584800;30 1.24814248000000;31 1.24680889976800;32 1.24538991820800;33 1.24388715896800;34 1.24230223628800;35 1.24063675500000;36 1.23889231052800;37 1.23707048888800;38 1.23517286668800;39 1.23320101112800;40 1.23115648000000;41 1.22904082168800;42 1.22685557516800;43 1.22460227000800;44 1.22228242636800;45 1.21989755500000;46 1.21744915724800;47 1.21493872504800;48 1.21236774092800;49 1.20973767800800;50 1.20705000000000;51 1.20430616120800;52 1.20150760652800;53 1.19865577144800;54 1.19575208204800;55 1.19279795500000;56 1.18979479756800;57 1.18674400760800;58 1.18364697356800;59 1.18050507448800;60 1.17731968000000;61 1.17409215032800;62 1.17082383628800;63 1.16751607928800;64 1.16417021132800;65 1.16078755500000;66 1.15736942348800;67 1.15391712056800;68 1.15043194060800;69 1.14691516856800;70 1.14336808000000;71 1.13979194104800;72 1.13618800844800;73 1.13255752952800;74 1.12890174220800;75 1.12522187500000;76 1.12151914700800;77 1.11779476792800;78 1.11404993804800;79 1.11028584824800;80 1.10650368000000;81 1.10270460536800;82 1.09888978700800;83 1.09506037816800;84 1.09121752268800;85 1.08736235500000;86 1.08349600012800;87 1.07961957368800;88 1.07573418188800;89 1.07184092152800;90 1.06794088000000;91 1.06403513528800;92 1.06012475596800;93 1.05621080120800;94 1.05229432076800;95 1.04837635500000;96 1.04445793484800;97 1.04054008184800;98 1.03662380812800;99 1.03271011640800;100 1.02880000000000;101 1.02489444280800;102 1.02099441932800;103 1.01710089464800;104 1.01321482444800;105 1.00933715500000;106 1.00546882316800;107 1.00161075640800;108 0.997763872768000;109 0.993929080888000;110 0.990107280000000;111 0.986299359928000;112 0.982506201088000;113 0.978728674488000;114 0.974967641728000;115 0.971223955000000;116 0.967498457088000;117 0.963791981368000;118 0.960105351808000;119 0.956439382968000;120 0.952794880000000;121 0.949172638648000;122 0.945573445248000;123 0.941998076728000;124 0.938447300608000;125 0.934921875000000;126 0.931422548608000;127 0.927950060728000;128 0.924505141248000;129 0.921088510648000;130 0.917700880000000;131 0.914342950968000;132 0.911015415808000;133 0.907718957368000;134 0.904454249088000;135 0.901221955000000;136 0.898022729728000;137 0.894857218488000;138 0.891726057088000;139 0.888629871928000;140 0.885569280000000;141 0.882544888888000;142 0.879557296768000;143 0.876607092408000;144 0.873694855168000;145 0.870821155000000;146 0.867986552448000;147 0.865191598648000;148 0.862436835328000;149 0.859722794808000;150 0.857050000000000;151 0.854418964408000;152 0.851830192128000;153 0.849284177848000;154 0.846781406848000;155 0.844322355000000;156 0.841907488768000;157 0.839537265208000;158 0.837212131968000;159 0.834932527288000;160 0.832698880000000;161 0.830511609528000;162 0.828371125888000;163 0.826277829688000;164 0.824232112128000;165 0.822234355000000;166 0.820284930688000;167 0.818384202168000;168 0.816532523008000;169 0.814730237368000;170 0.812977680000000;171 0.811275176248000;172 0.809623042048000;173 0.808021583928000;174 0.806471099008000;175 0.804971875000000;176 0.803524190208000;177 0.802128313528000;178 0.800784504448000;179 0.799493013048000;180 0.798254080000000;181 0.797067936568000;182 0.795934804608000;183 0.794854896568000;184 0.793828415488000;185 0.792855555000000;186 0.791936499328000;187 0.791071423288001;188 0.790260492288000;189 0.789503862328000;190 0.788801680000000;191 0.788154082488001;192 0.787561197568000;193 0.787023143608000;194 0.786540029568000;195 0.786111955000000;196 0.785739010048000;197 0.785421275448000;198 0.785158822528000;199 0.784951713208000;200 0.784800000000000;201 0.784703726008000;202 0.784662924928000;203 0.784677621048000;204 0.784747829248000;205 0.784873555000000;206 0.785054794368000;207 0.785291534008000;208 0.785583751168001;209 0.785931413688000;210 0.786334480000000;211 0.786792899128000;212 0.787306610688000;213 0.787875544888000;214 0.788499622528000;215 0.789178755000001;216 0.789912844288000;217 0.790701782968000;218 0.791545454208000;219 0.792443731768000;220 0.793396480000000;221 0.794403553848000;222 0.795464798848000;223 0.796580051128000;224 0.797749137408000;225 0.798971875000000;226 0.800248071808000;227 0.801577526328000;228 0.802960027648000;229 0.804395355448000;230 0.805883280000000;231 0.807423562168000;232 0.809015953408000;233 0.810660195768000;234 0.812356021888000;235 0.814103155000000;236 0.815901308928001;237 0.817750188088000;238 0.819649487488001;239 0.821598892728001;240 0.823598080000000;241 0.825646716088001;242 0.827744458368001;243 0.829890954808000;244 0.832085843968000;245 0.834328755000000;246 0.836619307648000;247 0.838957112248000;248 0.841341769728001;249 0.843772871608000;250 0.846250000000000;251 0.848772727608001;252 0.851340617728000;253 0.853953224248001;254 0.856610091648001;255 0.859310755000000;256 0.862054739968000;257 0.864841562808000;258 0.867670730368000;259 0.870541740088000;260 0.873454080000000;261 0.876407228728000;262 0.879400655488000;263 0.882433820088000;264 0.885506172928001;265 0.888617155000000;266 0.891766197888000;267 0.894952723768001;268 0.898176145407999;269 0.901435866168000;270 0.904731280000000;271 0.908061771448001;272 0.911426715648001;273 0.914825478328001;274 0.918257415808001;275 0.921721875000001;276 0.925218193408001;277 0.928745699128000;278 0.932303710848000;279 0.935891537848000;280 0.939508480000000;281 0.943153827768001;282 0.946826862208000;283 0.950526854968000;284 0.954253068288000;285 0.958004755000000;286 0.961781158528000;287 0.965581512888000;288 0.969405042688001;289 0.973250963128001;290 0.977118480000000;291 0.981006789688001;292 0.984915079168000;293 0.988842526008000;294 0.992788298368000;295 0.996751555000002;296 1.00073144524800;297 1.00472710904800;298 1.00873767692800;299 1.01276227000800;300 1.01680000000000;301 1.02084996920800;302 1.02491127052800;303 1.02898298744800;304 1.03306419404800;305 1.03715395500000;306 1.04125132556800;307 1.04535535160800;308 1.04946506956800;309 1.05357950648800;310 1.05769768000000;311 1.06181859832800;312 1.06594126028800;313 1.07006465528800;314 1.07418776332800;315 1.07830955500000;316 1.08242899148800;317 1.08654502456800;318 1.09065659660800;319 1.09476264056800;320 1.09886208000000;321 1.10295382904800;322 1.10703679244800;323 1.11110986552800;324 1.11517193420800;325 1.11922187500000;326 1.12325855500800;327 1.12728083192800;328 1.13128755404800;329 1.13527756024800;330 1.13924968000000;331 1.14320273336800;332 1.14713553100800;333 1.15104687416800;334 1.15493555468800;335 1.15880035500000;336 1.16264004812800;337 1.16645339768800;338 1.17023915788800;339 1.17399607352800;340 1.17772288000000;341 1.18141830328800;342 1.18508105996800;343 1.18870985720800;344 1.19230339276800;345 1.19586035500000;346 1.19937942284800;347 1.20285926584800;348 1.20629854412800;349 1.20969590840800;350 1.21305000000000;351 1.21635945080800;352 1.21962288332800;353 1.22283891064800;354 1.22600613644800;355 1.22912315500000;356 1.23218855116800;357 1.23520090040800;358 1.23815876876800;359 1.24106071288800;360 1.24390528000000;361 1.24669100792800;362 1.24941642508800;363 1.25208005048800;364 1.25468039372800;365 1.25721595500000];


end

